[(1.0, 0.5)]
[(1.0, 2.0)]
[(1.0, 3.0)]
[(1.0, 0.5)]
[(1.0, 0.5), (1.0, 2.0)]
[(1.0, 0.5), (4.5, 0.5)]
[(1.0, 0.5), (1.0, 3.0)]
[(1.0, 2.0)]
[(1.0, 2.0), (4.5, 2.0)]
[(1.0, 2.0), (1.0, 0.5)]
[(1.0, 2.0), (1.0, 3.0)]
[(1.0, 3.0)]
[(1.0, 3.0), (2.0, 5.0)]
[(1.0, 3.0), (3.0, 3.0)]
[(1.0, 0.5)]
[(1.0, 0.5), (1.0, 2.0)]
[(1.0, 0.5), (1.0, 2.0), (4.5, 2.0)]
[(1.0, 0.5), (1.0, 2.0), (1.0, 3.0)]
[(1.0, 0.5), (4.5, 0.5)]
[(1.0, 0.5), (4.5, 0.5), (4.5, 2.0)]
[(1.0, 0.5), (1.0, 3.0)]
[(1.0, 0.5), (1.0, 3.0), (2.0, 5.0)]
[(1.0, 0.5), (1.0, 3.0), (3.0, 3.0)]
[(1.0, 2.0)]
[(1.0, 2.0), (4.5, 2.0)]
[(1.0, 2.0), (4.5, 2.0), (4.5, 0.5)]
[(1.0, 2.0), (4.5, 2.0), (5.0, 5.0)]
[(1.0, 2.0), (1.0, 0.5)]
[(1.0, 2.0), (1.0, 0.5), (4.5, 0.5)]
[(1.0, 2.0), (1.0, 0.5), (1.0, 3.0)]
[(1.0, 2.0), (1.0, 3.0)]
[(1.0, 2.0), (1.0, 3.0), (2.0, 5.0)]
[(1.0, 2.0), (1.0, 3.0), (3.0, 3.0)]
[(1.0, 3.0)]
[(1.0, 3.0), (2.0, 5.0)]
[(1.0, 3.0), (2.0, 5.0), (4.5, 2.0)]
[(1.0, 3.0), (2.0, 5.0), (3.0, 3.0)]
[(1.0, 3.0), (2.0, 5.0), (5.0, 5.0)]
[(1.0, 3.0), (2.0, 5.0), (6.0, 5.0)]
[(1.0, 3.0), (2.0, 5.0), (8.0, 5.0)]
[(1.0, 3.0), (2.0, 5.0), (9.0, 5.0)]
[(1.0, 3.0), (3.0, 3.0)]
[(1.0, 3.0), (3.0, 3.0), (4.5, 2.0)]
[(1.0, 3.0), (3.0, 3.0), (2.0, 5.0)]
[(1.0, 0.5)]
[(1.0, 0.5), (1.0, 2.0)]
[(1.0, 0.5), (1.0, 2.0), (4.5, 2.0)]
[(1.0, 0.5), (1.0, 2.0), (4.5, 2.0), (4.5, 0.5)]
[(1.0, 0.5), (1.0, 2.0), (4.5, 2.0), (5.0, 5.0)]
[(1.0, 0.5), (1.0, 2.0), (1.0, 3.0)]
[(1.0, 0.5), (1.0, 2.0), (1.0, 3.0), (2.0, 5.0)]
[(1.0, 0.5), (1.0, 2.0), (1.0, 3.0), (3.0, 3.0)]
[(1.0, 0.5), (4.5, 0.5)]
[(1.0, 0.5), (4.5, 0.5), (4.5, 2.0)]
[(1.0, 0.5), (4.5, 0.5), (4.5, 2.0), (1.0, 2.0)]
[(1.0, 0.5), (4.5, 0.5), (4.5, 2.0), (5.0, 5.0)]
[(1.0, 0.5), (1.0, 3.0)]
[(1.0, 0.5), (1.0, 3.0), (2.0, 5.0)]
[(1.0, 0.5), (1.0, 3.0), (2.0, 5.0), (4.5, 2.0)]
[(1.0, 0.5), (1.0, 3.0), (2.0, 5.0), (3.0, 3.0)]
[(1.0, 0.5), (1.0, 3.0), (2.0, 5.0), (5.0, 5.0)]
[(1.0, 0.5), (1.0, 3.0), (2.0, 5.0), (6.0, 5.0)]
[(1.0, 0.5), (1.0, 3.0), (2.0, 5.0), (8.0, 5.0)]
[(1.0, 0.5), (1.0, 3.0), (2.0, 5.0), (9.0, 5.0)]
[(1.0, 0.5), (1.0, 3.0), (3.0, 3.0)]
[(1.0, 0.5), (1.0, 3.0), (3.0, 3.0), (4.5, 2.0)]
[(1.0, 0.5), (1.0, 3.0), (3.0, 3.0), (2.0, 5.0)]
[(1.0, 2.0)]
[(1.0, 2.0), (4.5, 2.0)]
[(1.0, 2.0), (4.5, 2.0), (4.5, 0.5)]
[(1.0, 2.0), (4.5, 2.0), (4.5, 0.5), (1.0, 0.5)]
[(1.0, 2.0), (4.5, 2.0), (5.0, 5.0)]
[(1.0, 2.0), (4.5, 2.0), (5.0, 5.0), (6.0, 5.0)]
[(1.0, 2.0), (4.5, 2.0), (5.0, 5.0), (5.0, 1.0)]
[(1.0, 2.0), (4.5, 2.0), (5.0, 5.0), (8.0, 5.0)]
[(1.0, 2.0), (4.5, 2.0), (5.0, 5.0), (9.0, 5.0)]
[(1.0, 2.0), (1.0, 0.5)]
[(1.0, 2.0), (1.0, 0.5), (4.5, 0.5)]
[(1.0, 2.0), (1.0, 0.5), (4.5, 0.5), (4.5, 2.0)]
[(1.0, 2.0), (1.0, 0.5), (1.0, 3.0)]
[(1.0, 2.0), (1.0, 0.5), (1.0, 3.0), (2.0, 5.0)]
[(1.0, 2.0), (1.0, 0.5), (1.0, 3.0), (3.0, 3.0)]
[(1.0, 2.0), (1.0, 3.0)]
[(1.0, 2.0), (1.0, 3.0), (2.0, 5.0)]
[(1.0, 2.0), (1.0, 3.0), (2.0, 5.0), (4.5, 2.0)]
[(1.0, 2.0), (1.0, 3.0), (2.0, 5.0), (3.0, 3.0)]
[(1.0, 2.0), (1.0, 3.0), (2.0, 5.0), (5.0, 5.0)]
[(1.0, 2.0), (1.0, 3.0), (2.0, 5.0), (6.0, 5.0)]
[(1.0, 2.0), (1.0, 3.0), (2.0, 5.0), (8.0, 5.0)]
[(1.0, 2.0), (1.0, 3.0), (2.0, 5.0), (9.0, 5.0)]
[(1.0, 2.0), (1.0, 3.0), (3.0, 3.0)]
[(1.0, 2.0), (1.0, 3.0), (3.0, 3.0), (4.5, 2.0)]
[(1.0, 2.0), (1.0, 3.0), (3.0, 3.0), (2.0, 5.0)]
[(1.0, 3.0)]
[(1.0, 3.0), (2.0, 5.0)]
[(1.0, 3.0), (2.0, 5.0), (4.5, 2.0)]
[(1.0, 3.0), (2.0, 5.0), (4.5, 2.0), (4.5, 0.5)]
[(1.0, 3.0), (2.0, 5.0), (4.5, 2.0), (1.0, 2.0)]
[(1.0, 3.0), (2.0, 5.0), (4.5, 2.0), (5.0, 5.0)]
[(1.0, 3.0), (2.0, 5.0), (3.0, 3.0)]
[(1.0, 3.0), (2.0, 5.0), (3.0, 3.0), (4.5, 2.0)]
[(1.0, 3.0), (2.0, 5.0), (5.0, 5.0)]
[(1.0, 3.0), (2.0, 5.0), (5.0, 5.0), (6.0, 5.0)]
[(1.0, 3.0), (2.0, 5.0), (5.0, 5.0), (5.0, 1.0)]
[(1.0, 3.0), (2.0, 5.0), (5.0, 5.0), (8.0, 5.0)]
[(1.0, 3.0), (2.0, 5.0), (5.0, 5.0), (9.0, 5.0)]
[(1.0, 3.0), (2.0, 5.0), (6.0, 5.0)]
[(1.0, 3.0), (2.0, 5.0), (6.0, 5.0), (6.0, 1.0)]
[(1.0, 3.0), (2.0, 5.0), (6.0, 5.0), (5.0, 5.0)]
[(1.0, 3.0), (2.0, 5.0), (6.0, 5.0), (8.0, 3.0)]
[(1.0, 3.0), (2.0, 5.0), (6.0, 5.0), (7.0, 3.0)]
[(1.0, 3.0), (2.0, 5.0), (6.0, 5.0), (7.0, 1.0)]
[(1.0, 3.0), (2.0, 5.0), (6.0, 5.0), (8.0, 5.0)]
[(1.0, 3.0), (2.0, 5.0), (6.0, 5.0), (9.0, 5.0)]
[(1.0, 3.0), (2.0, 5.0), (8.0, 5.0)]
[(1.0, 3.0), (2.0, 5.0), (8.0, 5.0), (6.0, 5.0)]
[(1.0, 3.0), (2.0, 5.0), (8.0, 5.0), (9.0, 5.0)]
[(1.0, 3.0), (2.0, 5.0), (8.0, 5.0), (8.5, 2.0)]
[(1.0, 3.0), (2.0, 5.0), (9.0, 5.0)]
[(1.0, 3.0), (2.0, 5.0), (9.0, 5.0), (8.0, -5.0)]
[(1.0, 3.0), (2.0, 5.0), (9.0, 5.0), (8.5, 2.0)]
[(1.0, 3.0), (2.0, 5.0), (9.0, 5.0), (8.0, 5.0)]
[(1.0, 3.0), (2.0, 5.0), (9.0, 5.0), (9.0, 3.0)]
Numero vertices explorados:  127
Caminho:  [(1.0, 3.0), (2.0, 5.0), (9.0, 5.0), (9.0, 3.0)]
Vertices explorados:  127
